HTTP/1.1 200 OK
Server: nginx
Date: Fri, 15 Nov 2024 06:45:22 GMT
Content-Type: image/svg+xml
Last-Modified: Thu, 14 Sep 2023 06:16:11 GMT
Transfer-Encoding: chunked
Connection: keep-alive
ETag: W/"6502a52b-1649"
Expires: Thu, 31 Dec 2037 23:55:55 GMT
Cache-Control: max-age=315360000
Pragma: public
Access-Control-Allow-Origin: *
Cache-Control: public, must-revalidate, proxy-revalidate

<svg width="35" height="42" viewBox="0 0 35 42" fill="none" xmlns="http://www.w3.org/2000/svg">
<path fill-rule="evenodd" clip-rule="evenodd" d="M17.875 22C17.3106 22 16.7592 21.9606 16.2145 21.8753C16.9036 21.4421 17.5468 20.9565 18.1375 20.4183C20.3953 18.3837 21.9311 15.6927 22.3511 12.6802C24.4054 13.6187 26.0856 15.0364 27.2801 16.71C25.3505 19.8801 21.8589 22 17.875 22ZM22.3577 9.39201L22.443 9.42482C24.8911 10.3174 26.9782 11.7416 28.5928 13.494C28.7766 12.6933 28.875 11.8598 28.875 11C28.875 4.92243 23.946 0 17.875 0C17.3106 0 16.7592 0.0393711 16.2145 0.124693C16.9036 0.557868 17.5468 1.04355 18.1375 1.58174C20.415 3.62947 21.9573 6.35322 22.3643 9.39857L22.3577 9.39201ZM12.2175 20.438C13.6811 19.9129 14.9937 19.1253 16.0832 18.1474C17.9472 16.4737 19.1614 14.2226 19.3649 11.7351C17.0087 11.2822 14.6721 11.5251 12.6441 12.3389C10.767 13.0937 9.15901 14.3407 8.05638 15.9881C8.99493 17.8389 10.4454 19.3878 12.2175 20.4511V20.438ZM6.97345 12.4964C6.90782 12.0042 6.875 11.5054 6.875 11C6.875 6.98986 9.02118 3.47852 12.224 1.55549C13.6876 2.08055 15.0003 2.86814 16.0898 3.84606C17.5271 5.13902 18.5773 6.76671 19.0761 8.58473C16.4245 8.23031 13.8124 8.56503 11.5087 9.49045C9.78908 10.1796 8.24016 11.1969 6.96689 12.4899L6.97345 12.4964Z" fill="#292D39" fill-opacity="0.35"/>
<path d="M6.15581 35.5455C6.11319 35.1856 5.94037 34.9062 5.63734 34.7074C5.33431 34.5085 4.96262 34.4091 4.52228 34.4091C4.20031 34.4091 3.91859 34.4612 3.67711 34.5653C3.438 34.6695 3.25098 34.8127 3.11603 34.995C2.98346 35.1773 2.91717 35.3845 2.91717 35.6165C2.91717 35.8106 2.96333 35.9775 3.05566 36.1172C3.15036 36.2545 3.2711 36.3693 3.41788 36.4616C3.56466 36.5516 3.71854 36.6262 3.87953 36.6854C4.04051 36.7422 4.18848 36.7884 4.32342 36.8239L5.06206 37.0227C5.25145 37.0724 5.46215 37.1411 5.69416 37.2287C5.92853 37.3163 6.15226 37.4358 6.36532 37.5874C6.58076 37.7365 6.75832 37.9283 6.89799 38.1626C7.03767 38.397 7.10751 38.6847 7.10751 39.0256C7.10751 39.4186 7.00453 39.7737 6.79856 40.0909C6.59496 40.4081 6.29667 40.6603 5.90368 40.8473C5.51305 41.0343 5.03838 41.1278 4.47967 41.1278C3.95884 41.1278 3.50784 41.0438 3.12669 40.8757C2.7479 40.7076 2.4496 40.4732 2.2318 40.1726C2.01636 39.8719 1.89444 39.5227 1.86603 39.125H2.77512C2.7988 39.3996 2.89113 39.6269 3.05211 39.8068C3.21547 39.9844 3.42143 40.117 3.67001 40.2045C3.92096 40.2898 4.19084 40.3324 4.47967 40.3324C4.81584 40.3324 5.11769 40.2779 5.38521 40.169C5.65273 40.0578 5.86461 39.9039 6.02086 39.7074C6.17711 39.5085 6.25524 39.2765 6.25524 39.0114C6.25524 38.7699 6.18777 38.5734 6.05282 38.4219C5.91788 38.2704 5.74032 38.1473 5.52015 38.0526C5.29998 37.9579 5.06206 37.875 4.80637 37.804L3.91149 37.5483C3.34331 37.3849 2.8935 37.1518 2.56206 36.8487C2.23062 36.5457 2.0649 36.1491 2.0649 35.6591C2.0649 35.2519 2.17498 34.8968 2.39515 34.5938C2.61769 34.2884 2.91599 34.0516 3.29004 33.8835C3.66646 33.7131 4.08668 33.6278 4.55069 33.6278C5.01944 33.6278 5.43611 33.7119 5.80069 33.88C6.16528 34.0457 6.4541 34.273 6.66717 34.5618C6.88261 34.8506 6.99624 35.1785 7.00808 35.5455H6.15581ZM8.55549 41V33.7273H11.0129C11.5834 33.7273 12.0498 33.8303 12.412 34.0362C12.7766 34.2398 13.0465 34.5156 13.2217 34.8636C13.3969 35.2116 13.4845 35.5999 13.4845 36.0284C13.4845 36.4569 13.3969 36.8464 13.2217 37.1967C13.0489 37.5471 12.7813 37.8265 12.4191 38.0348C12.0569 38.2408 11.5929 38.3438 11.0271 38.3438H9.26571V37.5625H10.9987C11.3893 37.5625 11.703 37.495 11.9397 37.3601C12.1765 37.2251 12.3481 37.0429 12.4546 36.8132C12.5635 36.5812 12.618 36.3196 12.618 36.0284C12.618 35.7372 12.5635 35.4768 12.4546 35.2472C12.3481 35.0175 12.1753 34.8376 11.9362 34.7074C11.6971 34.5748 11.3798 34.5085 10.9845 34.5085H9.43617V41H8.55549ZM21.0395 37.3636C21.0395 38.1307 20.901 38.7936 20.624 39.3523C20.347 39.911 19.9671 40.3419 19.4841 40.6449C19.0012 40.9479 18.4495 41.0994 17.8293 41.0994C17.209 41.0994 16.6574 40.9479 16.1744 40.6449C15.6915 40.3419 15.3115 39.911 15.0345 39.3523C14.7575 38.7936 14.6191 38.1307 14.6191 37.3636C14.6191 36.5966 14.7575 35.9337 15.0345 35.375C15.3115 34.8163 15.6915 34.3854 16.1744 34.0824C16.6574 33.7794 17.209 33.6278 17.8293 33.6278C18.4495 33.6278 19.0012 33.7794 19.4841 34.0824C19.9671 34.3854 20.347 34.8163 20.624 35.375C20.901 35.9337 21.0395 36.5966 21.0395 37.3636ZM20.1872 37.3636C20.1872 36.7339 20.0819 36.2024 19.8712 35.7692C19.6628 35.3359 19.3799 35.008 19.0225 34.7855C18.6673 34.563 18.2696 34.4517 17.8293 34.4517C17.3889 34.4517 16.99 34.563 16.6325 34.7855C16.2774 35.008 15.9945 35.3359 15.7838 35.7692C15.5755 36.2024 15.4713 36.7339 15.4713 37.3636C15.4713 37.9934 15.5755 38.5249 15.7838 38.9581C15.9945 39.3913 16.2774 39.7192 16.6325 39.9418C16.99 40.1643 17.3889 40.2756 17.8293 40.2756C18.2696 40.2756 18.6673 40.1643 19.0225 39.9418C19.3799 39.7192 19.6628 39.3913 19.8712 38.9581C20.0819 38.5249 20.1872 37.9934 20.1872 37.3636ZM22.5203 41V33.7273H24.9777C25.5459 33.7273 26.0123 33.8243 26.3769 34.0185C26.7414 34.2102 27.0113 34.4742 27.1865 34.8104C27.3617 35.1465 27.4493 35.5289 27.4493 35.9574C27.4493 36.3859 27.3617 36.7659 27.1865 37.0973C27.0113 37.4287 26.7426 37.6892 26.3804 37.8786C26.0182 38.0656 25.5554 38.1591 24.9919 38.1591H23.0033V37.3636H24.9635C25.3518 37.3636 25.6643 37.3068 25.901 37.1932C26.1401 37.0795 26.3129 36.9186 26.4195 36.7102C26.5284 36.4995 26.5828 36.2486 26.5828 35.9574C26.5828 35.6662 26.5284 35.4117 26.4195 35.1939C26.3106 34.9761 26.1366 34.808 25.8975 34.6896C25.6584 34.5689 25.3423 34.5085 24.9493 34.5085H23.401V41H22.5203ZM25.9436 37.733L27.7334 41H26.7107L24.9493 37.733H25.9436ZM28.5191 34.5085V33.7273H33.9736V34.5085H31.6867V41H30.806V34.5085H28.5191Z" fill="black" fill-opacity="0.4"/>
</svg>
