HTTP/1.1 200 OK
Server: nginx
Date: Fri, 15 Nov 2024 06:45:22 GMT
Content-Type: image/svg+xml
Last-Modified: Thu, 27 Jun 2024 10:29:56 GMT
Transfer-Encoding: chunked
Connection: keep-alive
ETag: W/"667d3f24-172e"
Expires: Thu, 31 Dec 2037 23:55:55 GMT
Cache-Control: max-age=315360000
Pragma: public
Access-Control-Allow-Origin: *
Cache-Control: public, must-revalidate, proxy-revalidate

<svg width="56" height="84" viewBox="0 0 56 84" fill="none" xmlns="http://www.w3.org/2000/svg">
<path d="M0 12C0 5.37258 5.37258 0 12 0H44C50.6274 0 56 5.37258 56 12V44C56 50.6274 50.6274 56 44 56H12C5.37258 56 0 50.6274 0 44V12Z" fill="#F9FAF9"/>
<path d="M0.25 12C0.25 5.51066 5.51065 0.25 12 0.25H44C50.4893 0.25 55.75 5.51065 55.75 12V44C55.75 50.4893 50.4893 55.75 44 55.75H12C5.51066 55.75 0.25 50.4893 0.25 44V12Z" stroke="#292D39" stroke-opacity="0.1" stroke-width="0.5"/>
<path fill-rule="evenodd" clip-rule="evenodd" d="M28.01 43.0042C27.24 43.0042 26.48 42.9442 25.75 42.8342C26.69 42.2442 27.56 41.5742 28.37 40.8542C31.45 38.0842 33.54 34.4142 34.11 30.3041C36.91 31.5842 39.2 33.5142 40.83 35.7942C38.2 40.1142 33.44 43.0042 28.01 43.0042ZM34.12 25.8142L34.23 25.8542C37.57 27.0742 40.41 29.0142 42.61 31.4042C42.86 30.3141 43 29.1742 43 28.0042C43 19.7242 36.28 13.0042 28 13.0042C27.23 13.0042 26.47 13.0642 25.74 13.1742C26.68 13.7642 27.55 14.4342 28.36 15.1542C31.47 17.9442 33.57 21.6642 34.12 25.8142ZM20.3 40.8742C22.29 40.1542 24.08 39.0842 25.57 37.7542C28.11 35.4741 29.77 32.4042 30.04 29.0042C26.83 28.3942 23.64 28.7142 20.88 29.8242C18.32 30.8542 16.13 32.5542 14.63 34.7942C15.91 37.3142 17.89 39.4242 20.3 40.8742ZM13.14 30.0442C13.05 29.3742 13 28.6941 13 28.0042C13 22.5342 15.92 17.7542 20.29 15.1342C22.28 15.8542 24.07 16.9242 25.56 18.2542C27.52 20.0142 28.95 22.2341 29.63 24.7142C26.02 24.2342 22.46 24.6941 19.32 25.9542C16.98 26.8941 14.87 28.2742 13.13 30.0442H13.14Z" fill="#F01836"/>
<path d="M11.1719 71.4929C11.1188 71.0223 10.9001 70.6577 10.5156 70.3991C10.1312 70.1373 9.64725 70.0064 9.06392 70.0064C8.64631 70.0064 8.28504 70.0727 7.98011 70.2053C7.67519 70.3345 7.43821 70.5135 7.26918 70.7422C7.10346 70.9676 7.0206 71.2244 7.0206 71.5128C7.0206 71.7547 7.07694 71.9635 7.18963 72.1392C7.30563 72.3149 7.45644 72.4624 7.64205 72.5817C7.83097 72.6977 8.03314 72.7955 8.24858 72.875C8.46402 72.9512 8.67116 73.0142 8.87003 73.0639L9.86435 73.3224C10.1892 73.402 10.5223 73.5097 10.8636 73.6456C11.205 73.7815 11.5215 73.9605 11.8132 74.1825C12.1049 74.4046 12.3402 74.6797 12.5192 75.0078C12.7015 75.3359 12.7926 75.7287 12.7926 76.1861C12.7926 76.7628 12.6435 77.2749 12.3452 77.7223C12.0502 78.1697 11.621 78.5227 11.0575 78.7812C10.4974 79.0398 9.8196 79.169 9.02415 79.169C8.26184 79.169 7.60227 79.0481 7.04545 78.8061C6.48864 78.5642 6.05279 78.2211 5.73793 77.777C5.42306 77.3295 5.24905 76.7992 5.21591 76.1861H6.7571C6.78693 76.554 6.90625 76.8606 7.11506 77.1058C7.32718 77.3478 7.5973 77.5284 7.92543 77.6477C8.25687 77.7637 8.61979 77.8217 9.0142 77.8217C9.44839 77.8217 9.83452 77.7538 10.1726 77.6179C10.514 77.4787 10.7824 77.2865 10.978 77.0412C11.1735 76.7926 11.2713 76.5026 11.2713 76.1712C11.2713 75.8696 11.1851 75.6226 11.0128 75.4304C10.8438 75.2382 10.6134 75.0791 10.3217 74.9531C10.0334 74.8272 9.70691 74.7161 9.34233 74.62L8.1392 74.2919C7.32386 74.0698 6.67756 73.7434 6.20028 73.3125C5.72633 72.8816 5.48935 72.3116 5.48935 71.6023C5.48935 71.0156 5.64844 70.5036 5.96662 70.0661C6.2848 69.6286 6.71567 69.2888 7.25923 69.0469C7.80279 68.8016 8.41596 68.679 9.09872 68.679C9.78812 68.679 10.3963 68.8 10.9233 69.0419C11.4536 69.2839 11.8712 69.617 12.1761 70.0412C12.4811 70.4621 12.6402 70.946 12.6534 71.4929H11.1719ZM14.4884 79V68.8182H18.1176C18.9098 68.8182 19.566 68.9624 20.0864 69.2507C20.6067 69.5391 20.9962 69.9335 21.2547 70.4339C21.5132 70.9311 21.6425 71.4912 21.6425 72.1143C21.6425 72.7408 21.5116 73.3042 21.2497 73.8047C20.9912 74.3018 20.6001 74.6963 20.0764 74.9879C19.5561 75.2763 18.9015 75.4205 18.1127 75.4205H15.6169V74.1179H17.9735C18.4739 74.1179 18.8799 74.0317 19.1915 73.8594C19.5031 73.6837 19.7317 73.4451 19.8776 73.1435C20.0234 72.8419 20.0963 72.4988 20.0963 72.1143C20.0963 71.7299 20.0234 71.3885 19.8776 71.0902C19.7317 70.7919 19.5014 70.5582 19.1865 70.3892C18.875 70.2202 18.464 70.1357 17.9536 70.1357H16.0246V79H14.4884ZM32.1479 73.9091C32.1479 74.9962 31.949 75.9309 31.5513 76.7131C31.1536 77.492 30.6084 78.0919 29.9157 78.5128C29.2263 78.9304 28.4424 79.1392 27.5641 79.1392C26.6825 79.1392 25.8953 78.9304 25.2026 78.5128C24.5132 78.0919 23.9696 77.4903 23.5719 76.7081C23.1742 75.9259 22.9753 74.9929 22.9753 73.9091C22.9753 72.822 23.1742 71.889 23.5719 71.1101C23.9696 70.3279 24.5132 69.728 25.2026 69.3104C25.8953 68.8894 26.6825 68.679 27.5641 68.679C28.4424 68.679 29.2263 68.8894 29.9157 69.3104C30.6084 69.728 31.1536 70.3279 31.5513 71.1101C31.949 71.889 32.1479 72.822 32.1479 73.9091ZM30.6266 73.9091C30.6266 73.0805 30.4924 72.3828 30.2239 71.8161C29.9588 71.246 29.5942 70.8151 29.1302 70.5234C28.6695 70.2285 28.1474 70.081 27.5641 70.081C26.9775 70.081 26.4538 70.2285 25.9931 70.5234C25.5324 70.8151 25.1678 71.246 24.8993 71.8161C24.6342 72.3828 24.5016 73.0805 24.5016 73.9091C24.5016 74.7377 24.6342 75.437 24.8993 76.0071C25.1678 76.5739 25.5324 77.0047 25.9931 77.2997C26.4538 77.5914 26.9775 77.7372 27.5641 77.7372C28.1474 77.7372 28.6695 77.5914 29.1302 77.2997C29.5942 77.0047 29.9588 76.5739 30.2239 76.0071C30.4924 75.437 30.6266 74.7377 30.6266 73.9091ZM33.9232 79V68.8182H37.5525C38.3413 68.8182 38.9959 68.9541 39.5163 69.2259C40.0399 69.4976 40.431 69.8738 40.6896 70.3544C40.9481 70.8317 41.0773 71.3835 41.0773 72.0099C41.0773 72.633 40.9464 73.1816 40.6846 73.6555C40.4261 74.1262 40.035 74.4924 39.5113 74.7543C38.9909 75.0161 38.3363 75.147 37.5475 75.147H34.7982V73.8246H37.4083C37.9055 73.8246 38.3098 73.7533 38.6214 73.6108C38.9362 73.4683 39.1666 73.2611 39.3124 72.9893C39.4583 72.7176 39.5312 72.3911 39.5312 72.0099C39.5312 71.6255 39.4566 71.2924 39.3075 71.0107C39.1616 70.7289 38.9313 70.5135 38.6164 70.3643C38.3048 70.2119 37.8955 70.1357 37.3884 70.1357H35.4594V79H33.9232ZM38.9495 74.4062L41.4651 79H39.7151L37.2492 74.4062H38.9495ZM42.3045 70.1406V68.8182H50.1845V70.1406H47.0076V79H45.4764V70.1406H42.3045Z" fill="#292D39" fill-opacity="0.7"/>
</svg>
